20:20:20 11.12 12.22 95
21:21:20 12.13 12.13 87
22:22:22 15.16 15.10 76
23:22:30 11.10 12.53 45
00:00:00 15.16 14.98 46
01:00:03 22.22 21.00 48
02:04:05 33.33 30.54 22
03:05:06 15.55 16.00 55
04:08:11 18.88 19.15 87
05:06:07 7.233 8.235 90
07:00:00 15.16 14.95 65
08:00:03 22.22 22.22 84
09:04:05 33.33 33.35 90
10:05:06 15.55 17.36 78
11:08:11 18.88 19.00 55
12:06:07 7.233 9.160 24
13:05:06 15.55 17.54 38
14:08:11 18.88 14.57 56
15:06:07 7.233 6.978 84
16:00:00 15.16 13.24 74
17:00:03 22.22 21.00 55
18:04:05 33.33 32.23 12
19:05:06 15.55 15.45 87
20:08:11 18.88 18.48 9
